868
26146
2285
4119
12630
30793
29456
31173
23225
19287
27563
31181
1978
3373
18444
8673
23880
10298
29095
22843
23748
24545
17682
31029
25361
23234
27542
1901
30606
6577
2314
22839
22429
13183
30622
22028
29787
26432
23217
6653
111
9106
21053
30174
98
9767
8146
12980
25465
16898
16873
28109
29814
17914
22762
20517
23574
24065
5780
29662
25606
1976
16656
13035
12728
16248
12616
25499
13741
10960
22465
32195
18976
26985
2349
23075
15986
15989
5802
16621
12199
21702
23243
12330
28168
7703
8885
21593
15075
3317
15569
14249
28406
12239
11205
14734
22049
29369
24025
13759
20768
